000835
000687
000079
000293
001117
000423
000693
000992
000822
001301
001055
001211
000431
001292
000028
000488
001078
000383
000497
000076
000240
000237
000024
000090
000134
000634
000309
000257
001109
000906
001097
000827
001049
000703
000993
000393
000747
000629
000640
000926
000145
000122
000956
000826
000833
000695
000302
000755
000032
000352
000731
000955
000452
001040
000862
000973
000677
001216
001246
000962
001025
000346
001187
000702
000033
000407
001283
001005
000557
000503
000482
001080
000995
000794
000009
000618
000946
001058
000570
000502
000011
000316
001048
001115
000778
000839
000604
001239
001255
001136
000052
001225
000310
000003
001209
000156
000197
000639
000495
000679
000556
001286
000768
000963
000067
000876
000252
001201
001138
000566
001256
000950
001110
000513
000176
000078
000771
000552
000093
000236
000177
000121
001172
001177
000483
000006
000291
000311
000550
000275
000609
000626
000714
000834
000191
000276
000230
000062
001313
001107
001244
000490
000878
000578
000654
000135
001020
000100
001299
000158
000781
000751
001156
000777
000152
000536
000249
000894
000711
000949
000097
000701
000337
000700
000546
000675
000335
000216
000474
001100
000887
000787
000907
000597
001178
000356
000119
001320
001084
001189
000481
001307
000719
000723
000883
000178
000182
001180
000151
000049
000498
001132
000514
000046
000825
000170
000125
000696
001223
001298
000849
001304
000165
000255
001295
000017
000718
001137
001007
000885
001009
000694
000799
000066
000836
000636
001245
000385
000938
000649
000340
000650
000190
000728
000819
000512
000362
000169
001099
001018
000051
000284
000738
000117
000472
000384
000180
000092
000251
000363
000460
000630
000524
001120
000269
000561
000766
000692
000446
000050
000596
001095
001318
000209
000307
000131
000238
000031
000572
000968
000314
000651
000282
001004
000417
000504
000375
000103
000762
000476
001208
000477
001296
000959
000795
001011
001037
000874
001259
000084
000783
000451
001002
000091
000306
001236
001075
001168
000842
001140
000246
001081
001280
000812
000120
000365
000358
001269
000339
000560
000081
000867
000932
000665
000412
000970
000027
001176
001104
000967
001229
000280
000224
001194
000882
001047
000226
000637
000199
000426
001082
000759
000811
000386
000124
001083
001234
000942
001315
000118
001171
001288
001200
000712
000387
000381
000801
000064
001230
000671
001039
000853
000292
000957
001087
000519
000462
000327
000948
000332
001044
001064
000896
000791
000312
000565
000535
000422
000447
000893
000213
000109
000531
000769
000096
000840
000975
000429
001105
000227
001265
001210
000137
000520
001260
000912
000521
001062
000574
000790
000303
000539
000642
000469
000202
001174
000025
001116
000947
000394
000682
000272
001183
000401
001217
000055
000713
000923
000166
000105
000823
000680
001133
001053
000415
001277
000658
000068
001206
001293
001220
000392
000998
001114
000989
000646
000803
000534
001029
000585
000789
000516
000155
000277
000523
001190
000402
000283
000611
000829
000082
000318
001170
000211
000984
000186
000101
000786
001035
000961
001052
000382
000054
000607
000273
000047
000547
000080
001069
000354
000936
000163
000937
000234
000881
001041
001121
001155
000179
000892
000744
000910
000741
000501
000467
001228
000623
000463
000204
000388
000857
001258
001045
001157
000625
001195
000013
000919
000123
000245
001051
000985
000133
000555
000850
000198
001322
001263
000895
000689
000250
001065
000707
001127
000484
001038
000908
000465
000507
000944
000990
001193
000772
000997
000132
000478
001268
000434
000172
001054
000854
000610
000891
000208
000978
000458
000814
000804
001224
000736
001250
000297
000389
000085
000026
000603
000664
001153
000321
000934
000706
001175
000113
000260
000704
000016
000367
000371
000453
000341
000471
001233
000880
001179
000430
001290
001270
000873
000036
000965
000987
000606
001108
001130
000326
001222
000355
000877
001247
000655
000886
000357
001032
000976
001063
000817
000620
000479
000579
000147
000996
000901
000018
000454
000685
001325
000493
000868
000729
000461
000774
000773
000167
001226
000140
000323
000810
000057
000525
000499
001297
000414
000040
001068
000615
001203
001036
000813
000228
000491
001196
000153
001118
000860
001057
000128
000173
000935
000915
001267
000921
000941
000045
000059
001003
001212
000583
000074
001327
001017
000599
000108
000334
000562
000369
000847
000450
000619
000612
000286
000435
000229
000343
001027
001282
000622
001158
001148
000111
001098
000770
000815
000522
000041
001251
000855
001072
000633
000225
000537
000449
000900
000043
001143
001090
000360
000977
000661
000296
000828
000746
000391
001021
000518
000395
000468
001241
001028
001126
000456
000030
000802
000517
001079
000281
000087
000554
000632
000742
001181
000544
000021
001319
000289
000212
001294
000308
001198
001205
000107
000740
001276
000086
000986
000077
001306
000104
000591
000364
000317
000861
000656
000709
000888
000859
000328
000342
001326
000631
000218
000601
001243
001012
000683
000841
000595
000420
000818
000763
001237
001163
000972
000188
000614
001061
000726
001001
001316
000627
000705
000951
000241
001279
001257
001091
000010
001149
000899
000780
000324
000528
000668
001092
000253
001150
000265
000792
001311
000553
001073
000098
000837
000643
001000
000065
000672
001013
000270
000301
001071
000920
000313
000129
000448
000851
000871
000576
000697
000376
000112
000902
000231
000039
001094
000581
000288
000924
001060
000844
001066
000427
000898
000832
000797
001022
000805
000380
000403
000001
000748
000538
000399
000779
000846
001281
000115
000928
001070
000349
000559
000261
000775
001111
000390
000953
000533
000994
001050
000720
000409
000686
000397
000982
000171
001303
000445
001182
001192
000911
000918
000577
000485
001125
000917
000660
001129
000981
000958
000737
000374
000708
001219
000442
001135
000884
000336
000259
000793
000511
000500
000691
000831
000587
000416
000262
000019
000459
000580
000820
000150
000698
001008
000798
000243
000344
001145
000042
000441
000735
000930
000530
000688
000879
000466
001134
000187
000095
001300
000436
000529
000263
000904
000035
001248
000304
000319
000437
000404
000464
001165
001141
001014
000298
001043
000584
001214
000508
001128
000960
000266
001102
000353
000330
001101
000038
000600
000916
001085
000548
000248
001262
000048
000244
000037
000551
001309
000242
000398
000351
000222
000608
000315
000214
000116
000852
000540
000635
000678
000764
000232
000470
000142
000913
001124
000933
000974
000475
001076
000058
000592
000329
000717
000486
000408
000060
001232
001202
000206
000756
000800
000999
000496
000053
000745
000207
000734
000943
000673
000102
001321
000015
000765
001086
000966
000754
000594
000070
000221
001024
000875
000181
000184
000444
000005
000063
001287
000480
001186
000952
000127
000073
001074
001242
000749
001197
000662
000684
001089
000571
000872
000939
000278
000457
000979
000285
000830
000373
000359
000215
000757
000071
000148
000699
001207
001146
000189
000652
000864
000143
000909
000843
000396
000758
000421
000914
000014
001131
000897
001042
001238
000838
000400
000964
000743
000487
000589
001204
000378
000492
000325
000659
000094
000669
000954
000350
001026
000568
000205
000271
000784
000029
000203
001033
000776
000824
000345
001308
001077
000645
000865
000545
000710
000870
000515
000223
000106
000666
000320
000377
000638
000193
000194
000494
000220
001031
000159
000418
001016
000945
000138
000160
